"options";"AES";"ARA";"ARS";"CRG";"DPS";"MTS";"NEP";"PAN";"PEN";"TGS";"CTC";"EDT";"EJE";"EOI";"OCC";"OCM";"OCN";"OCZ";"OUM";"SJA";"SQE";"SQF";"SQM";"SQR";"SVE";"ANE";"BLL";"BOG";"BON";"BOY";"COE";"GBN";"GFB";"GON";"GRE";"GUU";"GUX";"HKE";"HMM";"HOM";"JAX";"JOD";"JRS";"MAC";"MAS";"MON";"MSF";"MUF";"MUR";"MUT";"PAC";"PIL";"PLE";"POD";"RJA";"RJC";"RJH";"RSE";"SBA";"SBG";"SFS";"SMD";"SOL";"SWO";"SYC";"TUR";"WHB";"WHG"
"OTM_MPD_>=20_0_0";2;2;0;0;8;2;2;0;0;0;4;0;0;2;3;1;0;1;0;0;1;0;1;1;0;11;0;1;0;0;0;0;0;0;1;0;0;11;0;2;1;0;0;1;1;2;0;13;1;4;0;5;0;1;0;0;0;0;0;0;5;0;0;0;0;0;0;2
"OTB_MDD_>=40_0_0";2;12;23;0;541;0;39;2;0;0;1;0;0;1;1;3;0;3;0;0;4;0;2;2;0;0;0;0;0;0;0;0;1;0;2;1;1;83;0;5;2;2;0;0;0;13;1;0;6;14;0;0;0;1;0;8;0;0;1;0;2;0;0;0;2;0;1;0
"PS_SPF_>=14_0_0";0;0;0;0;0;0;0;0;0;0;0;0;0;0;0;0;0;0;0;0;0;0;0;0;0;807;0;0;0;0;0;0;0;0;0;0;0;0;0;0;0;0;0;1;7;0;0;5;0;0;0;98;0;0;0;0;0;0;0;0;0;0;0;0;0;0;0;0
"OTB_DES_>=40_0_0";13;1;2;0;17;2;42;1;0;0;6;0;0;6;2;5;1;10;0;0;17;0;9;0;0;0;0;5;1;0;1;0;0;0;1;2;1;166;0;9;6;1;0;3;6;15;1;0;3;19;0;0;0;5;0;3;0;0;0;0;6;0;0;0;0;0;9;3
"PS_SPF_>=14_0_0";0;0;0;0;0;0;0;0;0;0;0;0;0;0;0;0;0;0;0;0;0;0;0;0;0;442;0;1;0;0;0;0;0;0;0;0;0;0;0;4;2;0;0;1;2;0;0;67;0;0;0;1061;0;0;0;0;0;0;0;0;0;0;0;0;0;0;0;0
"PS_SPF_>=14_0_0";0;0;0;0;0;0;0;0;0;0;0;0;0;0;0;0;0;0;0;0;0;0;0;0;0;2198;0;0;1;0;0;0;0;0;0;0;0;0;0;1;2;0;0;0;9;0;0;6;0;0;0;389;0;0;0;0;0;0;0;0;0;0;0;0;0;0;0;0
"PS_SPF_>=14_0_0";0;0;0;0;0;0;0;0;0;0;0;0;0;0;0;0;0;0;0;0;0;0;0;0;0;715;0;2;0;0;0;0;0;0;0;0;0;0;1;11;11;0;0;2;2;0;0;33;0;0;0;4694;0;0;0;0;0;0;0;0;0;0;0;0;0;0;0;0
"OTB_DES_>=40_0_0";0;0;0;2;1;103;0;0;9;3;8;0;0;0;1;0;0;1;0;0;0;0;0;1;0;0;0;0;0;0;0;0;0;2;0;4;2;11;0;0;0;0;0;12;0;0;0;0;0;36;0;0;0;0;0;0;0;0;0;0;0;0;3;0;0;0;0;30
"TBB_DES_0_0_0";0;0;0;0;0;17;0;0;0;0;107;1;0;0;0;3;0;1;0;3;0;0;0;0;0;0;2;0;0;8;0;0;0;3;0;4;1;4;0;0;0;0;0;0;0;0;0;0;0;0;0;0;1;0;0;0;0;0;0;0;0;0;123;0;0;6;0;0
"OTB_DES_>=40_0_0";1;0;0;1;5;8;4;0;3;1;18;1;0;5;6;2;0;3;0;0;2;0;3;1;0;0;0;2;0;0;0;0;0;0;0;3;1;49;0;3;1;1;0;2;0;6;1;0;3;35;1;0;0;4;0;2;0;0;1;0;0;0;0;0;1;0;0;3
"OTB_DES_>=40_0_0";5;0;0;1;22;1;6;0;0;0;3;1;1;10;7;1;0;13;0;0;11;0;3;2;0;0;0;0;0;0;0;0;0;0;2;6;13;262;0;1;2;13;2;2;0;27;2;0;98;327;12;0;0;2;2;49;5;1;28;0;1;3;0;0;2;0;0;6
"TBB_DES_0_0_0";0;0;0;1;0;6;0;0;0;0;23;1;0;0;0;0;0;0;0;7;0;0;0;0;0;0;3;0;0;42;0;0;0;1;0;1;0;1;0;0;0;0;0;0;0;0;0;0;0;0;0;0;1;0;0;0;0;0;0;0;0;0;30;0;0;2;0;0
"OTB_DES_>=40_0_0";2;0;0;1;7;8;6;0;2;1;32;0;0;0;0;2;0;27;0;0;2;0;5;1;0;0;0;1;0;0;0;0;0;0;0;2;1;21;0;2;1;0;0;3;2;5;0;0;0;10;0;1;0;4;0;0;0;0;0;0;1;0;0;0;0;0;3;2
"LLD_LPF_0_0_0";0;0;1;0;0;0;0;0;0;0;0;0;0;0;0;0;0;0;0;0;0;0;0;0;0;1;0;0;0;0;0;0;0;0;2;0;0;3;0;0;0;0;0;0;0;0;0;0;0;0;0;0;0;0;0;0;0;0;0;0;30;0;0;443;0;0;0;0
"DRB_MOL_0_0_0";0;0;0;0;0;0;0;0;0;0;0;0;0;0;0;0;0;0;0;0;0;0;0;0;475;0;0;0;0;0;0;0;0;0;0;0;0;0;0;0;0;0;0;0;0;0;0;0;0;0;0;0;0;0;0;0;0;0;0;0;0;0;0;0;0;0;0;0
"PTM_SPF_>=20_0_0";0;0;0;0;0;0;0;0;0;0;0;1;0;0;0;0;0;0;2;0;4;4;0;2;0;54;0;0;0;0;0;0;0;0;0;1;0;0;0;6;0;0;0;1;0;0;0;13;0;0;0;121;0;0;0;0;0;0;0;9;0;1;0;0;0;0;0;96
"OTB_DWS_>=40_0_0";5;15;96;0;16;0;4;1;0;0;0;0;0;0;2;0;0;0;0;0;0;0;0;0;0;0;0;1;0;0;0;0;0;0;10;0;0;7;0;0;0;0;0;0;0;2;0;0;1;2;0;0;0;0;0;0;0;0;0;0;1;0;0;0;0;0;0;0
"OTB_DES_>=40_0_0";0;0;1;0;1;13;1;0;5;2;96;7;0;0;17;3;2;1;1;0;0;0;0;4;0;0;0;1;0;7;0;1;0;0;0;4;0;16;0;0;0;0;0;1;0;1;3;0;26;7;1;0;0;1;1;0;0;0;0;0;0;0;1;0;0;1;0;36
